$(document).ready(function(){
	'use strict';

	Highcharts.chart('chrt5', {
        colors: ['#fdba4b','#11a8bb','#156565'],
        chart: {
            type: 'area',
            backgroundColor: "#FFFFFF",
            borderColor: "#335cad"
        },
        legend: {
            enabled: false
        },
        title: {
            text: null
        },
        xAxis: {
            allowDecimals: false,
            labels: {
                formatter: function () {
                    return this.value;
                }
            },
            categories: ['1', '2', '3', '4', '5', '6', '7']
        },
        credits: {
            enabled: false
        },
        tooltip: {
            pointFormat: '{series.name} produced <b>{point.y:,.0f}</b><br/>warheads in {point.x}'
        },      
        plotOptions: {
            area: {
                pointStart: 1940,
                categories: ['1', '2', '3', '4', '5', '6', '7'],
                marker: {
                    enabled: false,
                    symbol: 'circle',
                    radius: 2,
                    states: {
                        hover: {
                            enabled: true
                        }
                    }
                }
            }
        },
        series: [{
            name: 'Google',
            data: [null, null, null, null, null, 6, 11, 32, 110, 235, 369, 640,
            1005, 1436, 2063, 3057, 4618, 6444, 9822, 15468, 20434, 24126,
            26956, 27912, 28999, 28965, 27826, 25579, 25722, 24826, 24605,
            27387, 29459, 31056, 31982, 32040, 31233, 29224, 27342, 26662,
            22380, 21004, 17287, 14747, 13076, 12555, 12144, 11009, 10950,
            24304, 23464, 23708, 24099, 24357, 24237, 24401, 24344, 23586,
            10871, 10824, 10577, 10527, 10475, 10421, 10358, 10295, 10104]
        }, {
            name: 'Bing',
            data: [null, null, null, null, null, 6, 11, 32, 110, 235, 369, 640,
            27387, 29459, 31056, 31982, 32040, 31233, 29224, 27342, 26662,
            26956, 27912, 28999, 28965, 27826, 25579, 25722, 24826, 24605,
            1005, 1436, 2063, 3057, 4618, 6444, 9822, 15468, 20434, 24126,
            24304, 23464, 23708, 24099, 24357, 24237, 24401, 24344, 23586,
            10871, 10824, 10577, 10527, 10475, 10421, 10358, 10295, 10104,
            22380, 21004, 17287, 14747, 13076, 12555, 12144, 11009, 10950,]
        }, {
            name: 'Twitter',
            data: [null, null, null, null, null, 6, 11, 32, 110, 235, 369, 640,
            1005, 1436, 2063, 3057, 4618, 6444, 9822, 15468, 20434, 24126,
            22380, 21004, 17287, 14747, 13076, 12555, 12144, 11009, 10950,
            27387, 29459, 31056, 31982, 32040, 31233, 29224, 27342, 26662,
            24304, 23464, 23708, 24099, 24357, 24237, 24401, 24344, 23586,
            26956, 27912, 28999, 28965, 27826, 25579, 25722, 24826, 24605,
            10871, 10824, 10577, 10527, 10475, 10421, 10358, 10295, 10104]
        }]
    });
});